40,35
35,143
35,142
35,141
35,140
35,139
35,138
35,137
35,136
35,135
35,134
35,133
35,132
35,131
35,130
35,129
35,128
19,3
35,127
35,126
35,125
35,124
35,123
35,122
35,121
35,120
35,119
35,118
35,117
35,116
35,115
35,114
35,113
35,112
35,111
35,110
35,109
35,108
35,107
35,106
35,105
35,104
35,103
35,102
35,101
35,100
35,99
35,98
35,97
35,96
35,95
35,94
35,93
35,92
35,91
35,90
35,89
35,88
35,87
35,86
35,85
35,84
35,83
35,82
35,81
35,80
35,79
35,78
35,77
35,76
35,75
35,74
35,73
35,72
35,71
35,70
35,69
35,68
35,67
35,66
35,65
35,64
35,39
35,38
35,37
35,36
35,35
35,34
35,33
35,32
35,31
35,30
35,29
35,28
35,27
35,26
35,25
35,1
35,24
33,1
33,194
33,193
33,192
33,191
33,190
33,189
33,188
33,187
33,186
33,185
33,184
33,183
33,182
33,181
33,180
33,179
33,178
33,177
33,176
33,175
18,1
33,174
33,173
33,172
33,171
33,170
33,169
33,168
33,167
33,166
33,165
33,164
33,163
18,3
33,162
33,161
33,160
14,1
33,159
14,4
11,30
11,26
14,3
13,1
11,23
11,19
11,16
11,12
11,11
11,3
13,3
11,2
11,1
